% These colors are colorblind safe and print friendly
% Reference: https://colorbrewer2.org/
light_green     = [166,219,160]./255;
dark_green      = [0,136,55]./255;
light_purple    = [194,165,207]./255;
dark_purple     = [123,50,148]./255;
orangeRight = [230/255,90/255,1/255];
orangeLeft = [253/255,184/255,99/255];
blueRight = [44/255,123/255,182/255];
blueLeft = [171/255,217/255,233/255];